@fold Actual Eepsites_App ExploratoryTunnels_App I2PSNARK_App IRC_App ParticipatingTunnels_App
ParticipatingTunnels_App 0.16 0.14 0.07 0.47 0.16
IRC_App 0.07 0.27 0.04 0.58 0.04
ParticipatingTunnels_App 0.06 0.06 0.01 0.57 0.3
ExploratoryTunnels_App 0.04 0.04 0.02 0.66 0.24
IRC_App 0.17 0.18 0.0 0.39 0.26
IRC_App 0.19 0.14 0.06 0.54 0.07
IRC_App 0.12 0.2 0.0 0.5 0.18
Eepsites_App 0.13 0.07 0.0 0.6 0.2
I2PSNARK_App 0.53 0.09 0.09 0.08 0.21
ExploratoryTunnels_App 0.35 0.24 0.01 0.26 0.14
Eepsites_App 0.1 0.09 0.01 0.44 0.36
Eepsites_App 0.05 0.12 0.02 0.63 0.18
@fold Actual Eepsites_App ExploratoryTunnels_App I2PSNARK_App IRC_App ParticipatingTunnels_App
ExploratoryTunnels_App 0.25 0.21 0.09 0.19 0.26
IRC_App 0.16 0.07 0.02 0.72 0.03
ParticipatingTunnels_App 0.27 0.22 0.02 0.42 0.07
I2PSNARK_App 0.09 0.03 0.87 0.0 0.01
IRC_App 0.14 0.15 0.04 0.57 0.1
Eepsites_App 0.12 0.49 0.02 0.27 0.1
IRC_App 0.1 0.17 0.03 0.51 0.19
ParticipatingTunnels_App 0.02 0.17 0.01 0.25 0.55
ExploratoryTunnels_App 0.06 0.45 0.02 0.31 0.16
IRC_App 0.28 0.25 0.02 0.32 0.13
Eepsites_App 0.21 0.05 0.0 0.33 0.41
Eepsites_App 0.06 0.41 0.02 0.42 0.09
@fold Actual Eepsites_App ExploratoryTunnels_App I2PSNARK_App IRC_App ParticipatingTunnels_App
IRC_App 0.13 0.19 0.01 0.56 0.11
IRC_App 0.17 0.16 0.0 0.48 0.19
IRC_App 0.14 0.13 0.01 0.62 0.1
ExploratoryTunnels_App 0.44 0.06 0.02 0.27 0.21
ParticipatingTunnels_App 0.13 0.28 0.0 0.23 0.36
I2PSNARK_App 0.35 0.15 0.13 0.19 0.18
Eepsites_App 0.51 0.03 0.02 0.4 0.04
ExploratoryTunnels_App 0.12 0.09 0.16 0.54 0.09
IRC_App 0.29 0.15 0.02 0.37 0.17
Eepsites_App 0.46 0.31 0.03 0.05 0.15
Eepsites_App 0.35 0.06 0.04 0.27 0.28
ParticipatingTunnels_App 0.3 0.26 0.0 0.21 0.23
@fold Actual Eepsites_App ExploratoryTunnels_App I2PSNARK_App IRC_App ParticipatingTunnels_App
Eepsites_App 0.16 0.24 0.02 0.47 0.11
IRC_App 0.14 0.14 0.0 0.64 0.08
IRC_App 0.08 0.05 0.04 0.09 0.74
Eepsites_App 0.61 0.05 0.03 0.09 0.22
ExploratoryTunnels_App 0.56 0.06 0.03 0.09 0.26
I2PSNARK_App 0.19 0.07 0.51 0.2 0.03
ExploratoryTunnels_App 0.14 0.02 0.0 0.64 0.2
IRC_App 0.08 0.19 0.03 0.59 0.11
ParticipatingTunnels_App 0.09 0.04 0.02 0.11 0.74
IRC_App 0.22 0.14 0.0 0.53 0.11
ParticipatingTunnels_App 0.28 0.14 0.02 0.13 0.43
@fold Actual Eepsites_App ExploratoryTunnels_App I2PSNARK_App IRC_App ParticipatingTunnels_App
ExploratoryTunnels_App 0.13 0.14 0.01 0.55 0.17
IRC_App 0.18 0.12 0.01 0.68 0.01
Eepsites_App 0.48 0.11 0.07 0.28 0.06
ParticipatingTunnels_App 0.31 0.16 0.13 0.34 0.06
IRC_App 0.33 0.35 0.0 0.25 0.07
IRC_App 0.25 0.17 0.02 0.41 0.15
I2PSNARK_App 0.17 0.17 0.3 0.26 0.1
IRC_App 0.23 0.24 0.0 0.34 0.19
Eepsites_App 0.22 0.08 0.06 0.27 0.37
ParticipatingTunnels_App 0.05 0.08 0.04 0.21 0.62
@fold Actual Eepsites_App ExploratoryTunnels_App I2PSNARK_App IRC_App ParticipatingTunnels_App
IRC_App 0.14 0.28 0.0 0.54 0.04
ParticipatingTunnels_App 0.27 0.17 0.03 0.29 0.24
IRC_App 0.43 0.14 0.02 0.32 0.09
IRC_App 0.06 0.06 0.03 0.16 0.69
Eepsites_App 0.27 0.14 0.02 0.35 0.22
Eepsites_App 0.13 0.07 0.54 0.14 0.12
ExploratoryTunnels_App 0.13 0.21 0.0 0.59 0.07
I2PSNARK_App 0.1 0.15 0.55 0.09 0.11
ParticipatingTunnels_App 0.17 0.3 0.0 0.35 0.18
@fold Actual Eepsites_App ExploratoryTunnels_App I2PSNARK_App IRC_App ParticipatingTunnels_App
ParticipatingTunnels_App 0.05 0.05 0.0 0.21 0.69
I2PSNARK_App 0.15 0.08 0.55 0.18 0.04
IRC_App 0.3 0.29 0.01 0.34 0.06
ExploratoryTunnels_App 0.26 0.12 0.02 0.18 0.42
Eepsites_App 0.49 0.34 0.0 0.05 0.12
IRC_App 0.25 0.2 0.17 0.3 0.08
Eepsites_App 0.15 0.21 0.06 0.47 0.11
IRC_App 0.25 0.21 0.01 0.16 0.37
ParticipatingTunnels_App 0.04 0.09 0.0 0.18 0.69
@fold Actual Eepsites_App ExploratoryTunnels_App I2PSNARK_App IRC_App ParticipatingTunnels_App
I2PSNARK_App 0.07 0.15 0.67 0.06 0.05
IRC_App 0.16 0.08 0.07 0.65 0.04
IRC_App 0.25 0.23 0.09 0.39 0.04
ExploratoryTunnels_App 0.2 0.15 0.18 0.28 0.19
IRC_App 0.13 0.21 0.06 0.51 0.09
ParticipatingTunnels_App 0.32 0.09 0.03 0.25 0.31
Eepsites_App 0.28 0.11 0.35 0.17 0.09
Eepsites_App 0.26 0.12 0.1 0.44 0.08
ParticipatingTunnels_App 0.16 0.24 0.09 0.49 0.02
@fold Actual Eepsites_App ExploratoryTunnels_App I2PSNARK_App IRC_App ParticipatingTunnels_App
IRC_App 0.43 0.02 0.04 0.4 0.11
ExploratoryTunnels_App 0.32 0.15 0.03 0.36 0.14
IRC_App 0.24 0.09 0.01 0.57 0.09
Eepsites_App 0.26 0.03 0.37 0.25 0.09
Eepsites_App 0.13 0.27 0.04 0.41 0.15
IRC_App 0.08 0.21 0.0 0.62 0.09
ParticipatingTunnels_App 0.33 0.18 0.01 0.19 0.29
I2PSNARK_App 0.4 0.08 0.21 0.27 0.04
ParticipatingTunnels_App 0.16 0.3 0.0 0.35 0.19
@fold Actual Eepsites_App ExploratoryTunnels_App I2PSNARK_App IRC_App ParticipatingTunnels_App
ParticipatingTunnels_App 0.09 0.08 0.02 0.09 0.72
IRC_App 0.11 0.11 0.0 0.71 0.07
I2PSNARK_App 0.29 0.12 0.5 0.04 0.05
Eepsites_App 0.07 0.15 0.02 0.47 0.29
ExploratoryTunnels_App 0.1 0.11 0.02 0.63 0.14
IRC_App 0.15 0.11 0.0 0.64 0.1
Eepsites_App 0.3 0.04 0.01 0.55 0.1
IRC_App 0.06 0.25 0.0 0.58 0.11
ParticipatingTunnels_App 0.47 0.19 0.07 0.22 0.05
